0 1 675 765
1 2 416 590 612 630
2 3 129 295 367 413 431 439
3 4 70 92 112
4 5 33 57 65 71
5 6 10 18 22
6 7 9
7 -1
8 11
9 8
10 13 19 21
11 -1
12 15
13 12 14
14 17
15 -1
16 17
17 -3
18 23 7 25
19 8 16
20 11
21 -1
22 27 29 31
23 12 20
24 35 39 43
25 -1
26 -2
27 14 20
28 37
29 -1
30 41
31 8 16
32 37
33 24 34 38 42
34 13 45 47
35 26 28
36 17
37 -3
38 23 49 51
39 30 32
40 11
41 -1
42 27 53 55
43 -1
44 35 35 59
45 30 36
46 -2
47 -1
48 7 49 61
49 26 40
50 63
51 -1
52 29 53 53
53 28 40
54 39 35 67
55 32 36
56 41
57 44 48 52
58 9 49 49
59 46
60 19 45 69
61 46 50
62 31 55 53
63 -1
64 43 59 67
65 54 58 60 62
66 21 47 69
67 26 56
68 25 51 61
69 56 40
70 73 87 91
71 64 48 66 68
72 75 79 81
73 24 72 82 84
74 -2
75 74 76
76 77
77 -3
78 77
79 32 78
80 -2
81 28 80
82 -2
83 -1
84 75 83 85
85 30 78
86 -2
87 44 64 86 88
88 83 81 89
89 28 56
90 79 85 89
91 54 54 90
92 93 107 115 119 121
93 72 42 94 100
94 95 97 99
95 20 96
96 -2
97 74 98
98 -2
99 80 40
100 101 103 105
101 14 96
102 95 109 111
103 76 98
104 101 101 113
105 78 36
106 97 109 117
107 10 22 102 104
108 105 113 105
109 12 96
110 99 111 117
111 -1
112 123 125 127
113 16 16
114 131 161 185 187 203
115 34 84 106 100
116 133 135 139
117 -1
118 137
119 60 90 62 108
120 -2
121 66 88 52 110
122 141 143 147
123 82 38 94 106
124 145
125 18 18 102 102
126 149 151 153
127 48 86 68 110
128 155 157 159
129 114 172 196 214 228 234
130 163 165 169
131 116 122 126 128
132 -2
133 -1
134 167
135 118 120
136 -2
137 -1
138 -2
139 -1
140 141 171 173
141 -1
142 145
143 118 124
144 175
145 -1
146 149 177 179
147 -1
148 155 181 183
149 -1
150 165 189 191
151 -1
152 193
153 -1
154 -2
155 -1
156 135 195 197
157 -1
158 137
159 120 124
160 143 171 199
161 130 140 146 148
162 159 183 201
163 -1
164 169 205 191
165 132 134
166 139 207 197
167 -1
168 147 173 199
169 136 138
170 153 179 117
171 132 142
172 73 209 219 221 231
173 136 144
174 75 211 213
175 -1
176 77
177 -1
178 -2
179 138 144
180 75 215 217
181 -1
182 39 223 225
183 134 142
184 37
185 -1
186 79 211 227
187 150 156 160 162
188 85 217 229
189 -1
190 35 233 225
191 152 154
192 81 213 227
193 -1
194 -2
195 -1
196 33 235 249 251 257
197 152 158
198 27 237 239
199 154 158
200 17
201 -1
202 23 241 243
203 164 166 168 170
204 13 245 247
205 -1
206 55 237 253
207 -1
208 45 247 255
209 130 174 178 180
210 53 239 253
211 132 176
212 49 243 51
213 136 138
214 93 259 269 273 275
215 -1
216 95 261 263
217 134 176
218 101 265 267
219 -1
220 97 261 179
221 150 182 186 188
222 103 265 271
223 -1
224 105 267 271
225 152 184
226 99 263 179
227 154 184
228 123 277 281 283 285
229 -1
230 109 279 151
231 164 190 192 194
232 97 279 177
233 -1
234 115 287 289 291 293
235 116 198 202 204
236 131 297 317 325 331
237 118 200
238 19 299 303
239 -1
240 301
241 -1
242 17
243 -1
244 141 305 307
245 -1
246 145
247 120 200
248 149 309 263
249 -1
250 311
251 156 182 206 208
252 155 313 315
253 158 184
254 133 319 321
255 -1
256 -2
257 166 190 210 212
258 151 309 111
259 122 198 216 218
260 157 313 323
261 -1
262 299 13 327
263 -1
264 135 319 139
265 -1
266 143 305 329
267 124 200
268 159 315 323
269 140 174 220 222
270 5 333 5 337
271 142 176
272 23 9 243
273 160 186 206 224
274 27 31 335
275 168 192 210 226
276 5 235 339 343 345
277 126 202 216 230
278 25 241 25
279 -1
280 21 245 341
281 146 178 220 232
282 31 237 239
283 -1
284 19 247 341
285 170 194 212 226
286 107 259 347 351 353
287 128 204 218 230
288 109 261 153
289 148 180 222 232
290 101 265 349
291 -1
292 113 267 349
293 162 188 208 224
294 125 277 355 357 359
295 236 270 276 286 294 298
296 95 279 309
297 238 244 248 252
298 107 287 361 363 365
299 240 242
300 161 297 369 377 385
301 -1
302 163 371 373
303 -1
304 167
305 240 246
306 177 309 99
307 -1
308 181 313 375
309 8 250
310 299 45 379
311 -1
312 41
313 16 250
314 301
315 242 246
316 165 371 381
317 10 254 258 260
318 -2
319 12 256
320 171 305 383
321 -1
322 183 315 375
323 14 256
324 303 69 379
325 262 264 266 268
326 169 373 381
327 -1
328 173 307 383
329 -1
330 33 333 65 387 391
331 -1
332 39 39 389
333 238 262 272 274
334 55 335 55
335 242 242
336 43 67 389
337 -1
338 47 327 379
339 254 18 278 280
340 73 209 393 397 401
341 256 20
342 -2
343 264 272 282 284
344 81 215 395
345 -1
346 85 211 399
347 244 262 288 290
348 79 217 395
349 246 242
350 83 213 399
351 266 238 282 292
352 115 269 347 403 405
353 -1
354 105 271 349
355 248 272 288 296
356 123 281 355 407 285
357 258 6 278 258
358 93 289 361 409 411
359 -1
360 185 317 369 415 419
361 252 274 290 296
362 189 371 417
363 260 22 280 258
364 195 319 207
365 268 274 284 292
366 201 323 375
367 300 330 340 352 356 358
368 205 373 417
369 60 302 306 308
370 207 321 207
371 30 304
372 87 219 393 421 423
373 56 80
374 67 223 233
375 36 304
376 89 229 395
377 310 316 320 322
378 59 233 233
379 312 314
380 71 249 339 425 427
381 312 318
382 69 255 341
383 314 318
384 127 283 357 407 127
385 324 326 328 226
386 121 291 363 409 429
387 310 332 310 334
388 187 325 377 415 433
389 312 312
390 191 381 417
391 324 336 338 212
392 199 329 383
393 302 54 342 344
394 91 221 397 421 435
395 304 32
396 89 227 399
397 316 332 346 348
398 65 251 343 425 257
399 318 312
400 119 273 351 403 437
401 326 336 350 194
402 119 293 365 411 429
403 320 310 346 354
404 203 331 385 419 433
405 328 338 350 170
406 71 337 391 71 391
407 306 58 342 306
408 87 231 401 423 435
409 308 62 344 306
410 57 257 345 427 257
411 322 334 348 354
412 121 275 353 405 437
413 360 4 372 380 384 386
414 127 285 359 285 127
415 34 362 364 366
416 441 533 569 589 601 609 611
417 -1
418 443 457 463 469 471
419 66 368 370 110
420 445 447 381
421 362 24 374 376
422 -2
423 368 64 378 86
424 -2
425 364 38 374 382
426 -2
427 370 68 378 68
428 449 229 399
429 366 42 376 382
430 167
431 388 330 394 398 400 402
432 451 453 455
433 338 390 166 392
434 -2
435 390 336 190 396
436 -2
437 392 324 396 210
438 449 395 227
439 404 406 408 410 412 414
440 451 459 461
441 214 418 458 486 502 510
442 -2
443 420 426 428 432
444 445 465 373
445 -1
446 -2
447 422 424
448 453 459 467
449 422 430
450 447 465 169
451 434 430
452 -2
453 -1
454 455 461 467
455 424 434
456 -2
457 186 436 438 440
458 473 481 485 487 385
459 78 304
460 475 477 383
461 176 442
462 301
463 72 444 376 448
464 -2
465 74 446
466 -2
467 76 446
468 479 255 379
469 174 450 452 454
470 -2
471 192 326 456 396
472 -2
473 420 460 468 472
474 475 483 307
475 462 464
476 479 341 303
477 422 466
478 -2
479 462 470
480 -2
481 216 474 476 478
482 477 483 173
483 -1
484 -2
485 94 444 382 480
486 489 495 503 507 509
487 220 450 482 484
488 491 493
489 426 460 460 488
490 475 497 329
491 464 464
492 -2
493 434 466
494 491 499 501
495 122 474 490 494
496 477 497 199
497 118 492
498 493 499 505
499 124 492
500 493 501 505
501 -1
502 511 517 521 429 437
503 160 436 496 498
504 513 515 201
505 142 442
506 513 519 323
507 140 452 482 500
508 515 519 375
509 168 456 328 392
510 523 525 527 529 531
511 428 468 460 504
512 443 535 541 543 547
513 470 464
514 449 215 213
515 430 466
516 451 537 539
517 198 476 490 506
518 447 545 191
519 200 492
520 455 539 453
521 206 438 496 508
522 473 549 551 553 433
523 432 472 488 504
524 479 245 327
525 218 478 494 506
526 -2
527 224 440 498 508
528 -2
529 100 448 480 366
530 511 555 559 291 405
531 222 454 484 500
532 513 557 157
533 114 512 522 486 530 536
534 515 557 181
535 130 452 514 516
536 523 561 563 565 567
537 -1
538 481 549 571 573 331
539 134 442
540 -2
541 -1
542 483 497 147
543 150 518 436 520
544 -2
545 -1
546 495 495 575 579
547 164 390 456 350
548 499 501 577
549 116 490 524 526
550 517 555 581 363 353
551 -1
552 519 557 313
553 156 518 496 528
554 525 561 583 585 587
555 126 524 474 532
556 457 535 591 593 471
557 -1
558 459 537 459
559 146 514 482 534
560 -2
561 128 526 494 532
562 461 539 459
563 148 516 500 534
564 503 507 575 595 509
565 -1
566 505 505 577
567 162 520 528 498
568 521 559 581 409 275
569 236 286 538 546 550 554
570 527 563 583 597 599
571 254 102 280 540
572 463 541 591 603 605
573 264 288 542 544
574 465 545 205
575 244 266 542 548
576 485 551 571 607 419
577 246 246
578 529 565 585 597 529
579 -1
580 469 543 593 603 547
581 248 282 542 552
582 487 553 573 607 203
583 252 292 548 552
584 531 567 587 599 529
585 260 104 540 260
586 471 547 471 605 547
587 268 290 544 548
588 509 509 579 509 509
589 300 400 556 564 568 570
590 613 633 635 639
591 302 90 344 558
592 219 615 619 621 401
593 316 346 560 562
594 223 223 389
595 320 320 560 566
596 189 545 617
597 308 108 558 308
598 163 617 465
599 322 354 562 566
600 623 615 625 421 435
601 360 92 572 576 386 578
602 445 617 371
603 362 84 574 448
604 541 627 629 603 631
605 368 88 368 88
606 623 619 619 423 423
607 364 106 574 480
608 625 619 621 393 231
609 388 352 580 582 564 584
610 629 463 631 591 637
611 404 412 586 404 588 412
612 641 413 655 661 665 667 439
613 418 172 592 512 600 604
614 249 643 647 425 391
615 420 428 594 596
616 195 645 195
617 424 430
618 133 645 319
619 444 82 374 574
620 185 649 651 607 653
621 450 178 514 598
622 649 415 657 551 659
623 -1
624 647 339 647 339 337
625 438 182 518 602
626 651 317 657 571 663
627 432 596 432 596
628 653 369 659 663 485
629 440 188 520 602
630 669 601 671 673 601
631 454 180 598 516
632 441 677 711 731 589 739 673
633 70 372 372 572 606 572
634 679 689 527 697 599
635 340 556 394 580 608 610
636 519 681 315
637 348 562 348 562
638 683 577
639 408 586 408 408 586 408
640 685 267 349
641 458 228 592 530 614 620
642 683 499 687
643 468 594 468 616
644 461 691 461
645 470 470
646 -2
647 476 202 524 618
648 683 693 505
649 472 596 504 616
650 695
651 478 230 532 618
652 685 271 271
653 484 232 598 534
654 691 451 539
655 196 522 600 502 614 622
656 681 515 183
657 204 526 506 618
658 687 693 493
659 208 528 602 508
660 457 699 457 637
661 276 538 294 550 624 626
662 449 211 217
663 284 544 296 552
664 -2
665 380 576 112 606 380 576
666 273 701 521 705 411
667 398 582 356 608 568 628
668 237 237 335
669 510 234 604 620 536 622
670 143 497 703
671 298 554 298 626 554 626
672 171 703 477
673 358 570 402 610 584 628
674 503 707 709 503
675 632 726 748 752 758
676 679 679 583 713 583
677 634 660 666 674
678 481 715 297 717 663
679 636 638 640 642
680 -2
681 -1
682 479 299 247
683 -1
684 475 305 703
685 -1
686 259 701 581 719 361
687 -1
688 525 679 721 723 587
689 644 648 652
690 513 681 159
691 646
692 491 687 687
693 646 650
694 517 701 725 351 365
695 -1
696 495 707 727 575 729
697 654 656 648 658
698 473 715 377 733 659
699 644 654 662 664
700 447 165 617
701 636 640 668 670
702 -2
703 -1
704 443 699 593 735 629
705 656 662 652 672
706 455 691 455
707 642 670 642 670
708 523 697 721 737 567
709 648 664 658 672
710 511 705 725 403 293
711 676 678 686 688 694 696
712 489 709 727 595 709
713 -1
714 697 713 697 563 563
715 636 680 682 684
716 487 717 733 161 653
717 -1
718 469 699 735 535 631
719 -1
720 269 705 719 559 289
721 642 680 690 692
722 531 689 723 737 531
723 -1
724 507 709 729 709 507
725 640 682 690 684
726 129 641 741 749 367 753 667
727 638 684 692 684
728 277 277 355 743 355
729 -1
730 131 651 745 717 573
731 634 698 704 708 710 712
732 135 645 135
733 656 700 702 672
734 235 647 747 333 343
735 654 700 706 664
736 287 555 725 347 719
737 658 702 706 658
738 221 615 397 751 625
739 714 716 718 720 722 724
740 187 649 745 733 553
741 678 686 728 730 734 736
742 251 643 747 387 251
743 -1
744 209 621 751 209 621
745 680 670 732 690
746 281 281 743 281 281
747 682 668 732 682
748 613 613 755 635 757 635
749 698 666 738 740 742 710
750 627 543 735 543 735
751 700 662 700 662
752 533 669 731 759 761 739 609
753 716 720 744 746 716 720
754 549 657 715 745 325
755 660 704 738 704 738 750
756 561 561 721 721 713
757 718 718 744 744 718 718
758 655 655 749 763 749 431 431
759 688 696 730 736 754 756
760 711 569 711 759 569 759 671
761 708 674 740 750 740 708
762 295 295 741 741 661 763 661
763 694 694 734 734 754 754
765 760 762
